20180401
20180402
20180403
20180406
20180407
20180410
20180411
20180412
20180415
20180416
20180417
20180418
20180419
20180420
20180421
20180426
20180427
20180428
20180429
20180430
20180501
20180504
20180505
20180510
20180511
20180514
20180515
20180523
20180524
20180525
20180526
20180527
20180528
20180531
20180601
20180605
20180606
20180607
20180624
20180625
20180630
20180802
20180803
20181015
20181016
20181020
20181021
20181022
20181024
20181025
20181102
20181103
20181105
20181106
20181107
20181109
20181110
20181111
20181113
20181115
20181116
20181118
20181119
20181120
20181125
20181126
20181127
20181128
20181129
20181130
20181201
20181202
20181203
20181206
20181210
20181211
20181212
20181213
20181215
20181216
20181217
20181218
20181219
20181220
20181221
20181222
20181223
20181225
20181226
20181230
20181231
20190101
20190102
20190103
20190104
20190105
20190106
20190107
20190108
20190109
20190110
20190111
20190112
20190113
20190114
20190115
20190116
20190117
20190118
20190119
20190120
20190121
20190122
20190123
20190124
20190125
20190126
20190127
20190128
20190129
20190130
20190131
20190201
20190202
20190203
20190204
20190205
20190206
20190207
20190209
20190210
20190211
20190212
20190213
20190214
20190215
20190216
20190217
20190218
20190219
20190220
20190221
20190222
20190223
20190224
20190225
20190226
20190227
20190228
20190301
20190302
20190303
20190305
20190306
20190307
20190308
20190309
20190310
20190311
20190312
20190314
20190315
20190316
20190318
20190319
20190320
20190321
20190325
20190326
20190327
20190328
20190330
20190331
