20180408
20180409
20180413
20180414
20180422
20180425
20180502
20180506
20180507
20180512
20180513
20180522
20180602
20180603
20180604
20180608
20180609
20180613
20180614
20180617
20180618
20180619
20180620
20180621
20180622
20180623
20180626
20180627
20180629
20180704
20180705
20180710
20180711
20180712
20180713
20180714
20180715
20180716
20180717
20180718
20180719
20180720
20180721
20180722
20180723
20180724
20180725
20180726
20180727
20180729
20180730
20180731
20180801
20180804
20180805
20180806
20180807
20180808
20180809
20180810
20180811
20180812
20180813
20180814
20180816
20180817
20180819
20180820
20180821
20180822
20180823
20180824
20180825
20180826
20180827
20180828
20180831
20180901
20180902
20180903
20180904
20180905
20180906
20180908
20180909
20180910
20180911
20180912
20180913
20180914
20180915
20180916
20180917
20180918
20180921
20180922
20180923
20180924
20180925
20180926
20180928
20180929
20180930
20181001
20181002
20181003
20181004
20181005
20181007
20181008
20181009
20181011
20181013
20181014
20181018
20181019
20181026
20181027
20181029
20181030
20181031
20181104
20181108
20181112
20181114
20181117
20181121
20181122
20181123
20181124
20181204
20181205
20181207
20181208
20181209
20181214
20181224
20181227
20181228
20181229
20190208
20190313
20190317
20190322
20190323
20190324
20190329
